4294967278,45
4294967278,44
4294967278,43
4294967278,42
4294967278,41
4294967278,40
4294967278,61
4294967278,60
4294967278,59
4294967278,58
4294967278,57
4294967278,56
4294967278,55
4294967278,54
4294967278,53
4294967278,52
4294967278,51
4294967278,50
4294967278,49
4294967278,48
4294967278,47
4294967278,46
4294967279,394
4294967279,484
4294967279,393
4294967279,85
4294967279,84
4294967279,82
4294967279,81
4294967279,80
4294967279,79
4294967279,77
4294967279,76
4294967279,75
4294967279,74
4294967279,73
4294967279,71
4294967279,70
4294967279,69
4294967279,67
4294967279,66
4294967279,65
4294967279,64
4294967279,63
4294967279,60
4294967279,58
4294967279,57
4294967279,56
4294967279,54
4294967279,53
4294967279,52
4294967279,50
4294967279,49
4294967279,46
4294967279,45
4294967279,43
4294967279,42
4294967279,40
4294967279,38
4294967279,37
4294967279,36
4294967279,35
4294967279,34
4294967279,33
4294967279,32
4294967279,31
4294967279,28
4294967279,27
4294967279,26
4294967279,25
4294967279,24
4294967279,19
4294967279,16
4294967279,14
4294967279,13
4294967279,11
4294967279,300
4294967279,47
4294967279,506
4294967279,159
4294967279,158
4294967279,156
4294967279,155
4294967279,154
4294967279,153
4294967279,152
4294967279,151
4294967279,150
4294967279,149
4294967279,148
4294967279,147
4294967279,146
4294967279,145
4294967279,144
4294967279,143
4294967279,142
4294967279,29
4294967279,308
4294967279,140
4294967279,139
4294967279,279
4294967279,23
4294967279,276
4294967278,291
4294967279,133
4294967279,327
4294967279,22
4294967279,291
4294967294,1707
4294967279,20
4294967279,290
4294967279,420
4294967279,274
4294967279,301
4294967279,271
55,5
4294967279,270
55,4
55,3
55,2
55,1
4294967279,269
4294967279,10
4294967279,267
4294967294,89
4294967279,266
4294967279,265
4294967279,264
4294967279,263
53,4
53,3
53,2
53,1
4294967279,262
4294967279,284
4294967278,405
4294967279,259
4294967279,275
4294967278,351
4294967279,258
52,6
4294967294,390
4294967278,372
4294967278,404
4294967278,371
52,5
4294967278,347
52,4
4294967278,348
52,3
52,2
52,1
4294967278,255
4294967278,401
4294967294,388
4294967278,253
4294967278,399
4294967278,369
51,5
4294967278,252
4294967278,250
51,4
51,3
51,2
51,1
4294967278,248
4294967278,246
4294967278,245
4294967278,380
4294967278,398
4294967278,237
4294967278,236
50,5
4294967278,234
50,4
50,3
50,2
50,1
4294967278,232
4294967278,231
4294967278,228
4294967278,226
49,4
4294967278,224
49,3
49,2
49,1
4294967278,223
4294967294,1706
4294967278,222
4294967294,1419
4294967294,1693
4294967278,216
4294967278,219
4294967278,217
4294967278,379
4294967278,213
4294967278,212
4294967294,393
4294967294,392
4294967294,389
4294967294,114
4294967294,120
4294967294,115
4294967294,1705
4294967279,326
4294967279,411
4294967279,0
4294967278,340
47,4
4294967278,208
47,3
47,2
47,1
4294967278,391
0,7
4294967294,45
4294967294,44
4294967278,207
4294967294,0
4294967278,421
4294967278,367
4294967278,420
4294967278,349
4294967294,46
4294967278,389
4294967294,129
4294967294,409
4294967294,395
4294967294,29
4294967294,27
4294967294,168
4294967294,384
4294967294,167
4294967294,411
4294967294,400
4294967294,1
4294967294,418
4294967294,189
4294967294,467
4294967294,116
4294967294,2
4294967278,338
4294967294,53
4294967294,52
4294967294,1255
4294967294,42
4294967294,40
4294967294,39
4294967294,41
4294967294,38
4294967294,37
4294967294,36
4294967278,393
4294967294,107
4294967294,50
4294967294,92
4294967294,91
4294967294,90
4294967294,88
4294967294,87
4294967294,86
4294967294,85
4294967294,84
4294967294,83
4294967294,1261
4294967294,28
4294967294,1051
4294967294,1590
4294967294,424
4294967294,1450
4294967294,133
4294967294,96
4294967294,94
4294967278,366
4294967294,9
4294967278,199
4294967294,8
4294967278,337
4294967294,22
4294967294,17
4294967294,67
4294967294,99
4294967294,76
4294967294,1420
4294967294,43
4294967294,151
4294967294,51
4294967294,25
4294967294,1581
4294967294,26
4294967294,93
4294967294,95
4294967278,198
4294967279,199
4294967294,6
4294967278,196
4294967279,197
4294967294,81
4294967294,1173
4294967294,82
4294967294,1422
4294967294,68
4294967294,11
4294967278,132
4294967278,131
4294967278,130
4294967278,129
4294967278,128
4294967278,127
4294967278,126
4294967278,125
4294967278,124
4294967278,123
4294967278,122
4294967278,121
4294967278,120
4294967278,119
4294967278,118
4294967278,117
4294967278,116
4294967278,115
4294967278,114
4294967278,113
4294967278,112
4294967278,111
